POINTS 2016
0 0
900 0
900 900
0 900
50 50
100 50
100 100
50 100
600 600
500 500
500 700
600 400
600 200
200 200
200 400
800 800
800 700
700 700
700 800
307 102
8 445
16 621
728 797
601 285
747 95
676 42
165 208
355 172
367 86
243 366
178 208
132 473
3 531
67 553
98 853
373 863
125 556
448 483
451 527
593 686
560 862
625 765
674 625
783 558
889 328
797 524
594 289
801 109
823 21
852 64
72 20
125 95
126 153
266 98
211 67
297 23
332 96
344 95
322 146
306 135
268 157
196 318
243 204
299 310
297 446
254 384
187 409
115 412
91 332
104 239
38 308
89 363
84 443
110 448
124 572
188 498
192 573
182 588
150 644
84 673
90 690
65 842
202 881
145 862
161 726
248 792
246 819
228 830
328 862
381 771
325 714
316 679
300 580
203 580
218 577
247 519
254 448
531 552
578 509
652 625
541 604
452 555
462 722
596 726
439 771
610 863
649 858
598 784
796 777
858 834
696 891
876 855
897 815
879 745
898 559
874 555
781 603
771 545
811 519
813 483
893 438
746 291
840 271
615 226
653 239
676 422
500 323
463 391
456 467
434 207
595 238
601 232
600 137
495 197
410 166
412 93
526 123
620 36
833 42
711 140
763 162
898 194
882 93
890 2
68 27
79 25
81 105
61 45
25 84
34 138
65 178
19 233
65 213
85 119
81 106
168 202
99 223
166 223
175 223
192 180
185 172
184 155
172 128
170 99
101 24
139 97
178 93
203 46
202 97
239 86
229 72
247 67
325 7
340 48
372 84
391 89
387 108
255 86
331 125
381 148
433 159
345 234
338 163
336 195
269 231
277 229
287 221
214 116
227 167
238 171
259 285
272 296
334 296
275 281
311 241
340 243
355 251
389 241
411 284
401 290
346 278
383 343
395 328
395 346
431 440
415 449
399 351
306 429
378 374
338 360
281 316
293 410
304 452
249 382
204 393
161 448
144 341
234 341
244 364
258 283
257 246
184 245
169 249
173 285
161 340
115 295
94 290
61 278
4 364
58 365
49 373
21 411
29 398
61 392
143 435
117 447
97 437
25 539
10 543
69 534
70 504
51 472
73 488
90 453
214 475
158 538
155 527
85 519
126 561
144 578
201 584
209 644
177 613
133 642
80 594
104 588
107 561
42 599
45 601
48 616
0 664
64 721
72 732
46 745
40 759
5 754
64 783
18 819
13 884
70 862
96 835
75 832
136 737
106 747
142 806
219 879
196 847
170 829
219 713
184 699
149 714
103 678
146 661
177 689
229 699
276 726
328 821
315 793
229 755
227 851
254 856
257 892
284 881
276 869
260 846
359 779
348 815
383 829
424 869
429 830
433 821
413 775
364 768
357 770
351 743
366 718
435 708
410 692
423 669
435 627
392 607
350 634
342 687
284 692
273 664
249 648
231 630
268 606
276 604
324 522
256 508
244 529
270 483
349 486
352 488
381 485
385 498
413 569
426 555
428 554
432 488
444 458
453 477
497 529
453 450
500 386
567 378
576 443
580 450
649 494
541 480
519 503
537 601
547 589
564 541
614 670
578 677
574 625
500 683
529 616
512 560
446 632
443 672
468 675
461 737
484 747
504 710
495 759
465 752
443 750
453 773
457 828
444 868
491 836
463 777
486 763
582 773
570 790
595 809
600 812
598 810
650 800
622 763
614 755
540 759
551 724
571 713
653 748
717 672
785 673
818 689
767 688
665 704
734 749
733 879
678 890
737 833
828 820
834 791
842 808
843 851
859 882
865 881
871 880
861 879
854 784
841 802
839 684
850 672
864 708
844 649
876 590
844 556
820 556
823 630
839 646
806 655
698 650
693 663
703 648
703 589
728 627
762 534
729 549
689 519
659 473
674 416
702 508
798 427
799 485
771 527
825 525
837 436
841 419
898 358
836 367
797 334
846 316
867 341
840 303
842 301
861 274
799 211
789 243
790 283
775 221
722 209
788 207
693 217
702 258
715 275
715 312
747 305
779 279
776 347
704 354
695 341
613 332
624 303
678 286
611 285
588 317
608 358
549 356
491 360
438 321
479 286
487 271
513 311
519 257
470 256
454 249
474 224
485 208
494 239
574 240
562 252
566 269
649 269
607 232
600 215
594 134
602 121
588 110
590 112
587 162
580 191
577 180
521 200
445 175
507 166
553 162
546 64
538 109
460 59
467 40
467 30
568 1
624 19
586 29
615 79
667 61
653 51
634 8
669 43
739 8
745 36
708 54
678 48
678 73
701 82
670 100
695 137
728 125
726 99
737 76
777 129
773 130
761 173
840 154
899 128
897 63
845 53
830 40
829 43
773 15
810 24
848 4
6 3
3 5
7 14
12 14
30 9
52 13
56 9
84 14
73 37
34 30
32 24
82 60
95 45
101 54
104 90
92 100
90 71
44 61
65 49
77 39
31 50
20 58
0 71
21 108
37 104
29 108
14 114
3 140
1 143
1 150
1 203
18 217
14 216
19 167
57 182
76 200
53 222
84 194
93 192
84 149
86 134
55 144
38 145
64 130
65 113
88 130
160 134
172 120
146 138
137 160
122 142
133 162
148 167
135 194
151 209
171 207
150 188
176 176
207 201
174 208
211 221
221 210
213 189
197 175
186 169
178 170
180 135
186 119
193 141
190 92
195 42
189 41
186 47
186 48
177 55
173 94
122 98
111 88
112 73
137 48
169 34
153 26
147 17
139 17
131 4
142 9
146 5
181 17
170 22
172 23
212 28
212 6
222 5
228 3
264 11
262 23
234 22
225 11
233 63
230 68
242 71
257 77
252 54
249 24
281 43
276 45
282 99
324 96
284 76
321 61
325 38
311 43
284 32
267 23
294 14
331 9
375 9
346 41
357 50
381 47
389 5
381 3
407 8
413 36
438 30
435 60
408 49
398 46
410 81
429 69
434 76
413 90
413 99
393 95
382 75
383 73
386 68
370 84
372 89
361 98
325 103
319 137
354 171
331 137
359 122
369 115
376 129
384 113
384 156
382 135
366 150
371 192
412 192
435 184
426 199
415 206
362 195
356 224
353 208
341 207
340 171
335 177
318 178
304 220
297 221
273 198
281 173
293 192
302 176
314 160
289 139
290 133
270 127
279 153
272 154
263 153
247 141
261 113
245 123
241 124
236 141
230 174
259 164
260 185
257 203
252 202
238 223
238 234
241 248
273 266
262 281
248 262
227 295
233 309
256 321
273 328
262 325
266 302
308 277
299 285
292 312
328 334
321 308
317 273
307 261
303 262
293 256
312 251
314 246
321 236
348 232
330 255
341 289
350 268
351 248
368 225
400 244
408 235
435 254
417 278
413 275
403 276
386 295
391 291
435 296
427 334
416 317
413 308
369 314
383 310
372 302
351 295
328 322
334 325
336 376
322 387
373 398
353 387
373 361
394 345
394 350
429 349
437 373
425 389
387 394
375 411
430 407
434 419
386 450
376 436
370 449
367 443
326 424
340 420
326 400
319 405
325 442
309 446
271 455
270 443
278 415
308 433
317 440
316 363
304 360
286 358
262 339
270 341
278 394
254 357
250 352
248 338
228 338
236 354
231 371
224 379
233 388
252 388
261 436
251 442
231 401
208 441
176 418
152 418
172 436
171 446
105 450
103 446
100 432
95 432
108 407
150 414
149 373
136 373
109 384
119 362
131 343
153 352
158 325
179 366
163 388
189 406
215 397
186 339
224 297
211 304
207 308
173 292
195 287
198 292
181 270
219 259
201 225
170 246
179 276
170 280
165 283
134 251
139 234
105 263
128 285
119 290
95 315
97 308
150 298
158 317
158 324
133 316
61 356
55 355
49 330
53 325
93 308
84 278
68 273
79 263
49 256
47 276
54 280
34 259
47 246
27 241
24 235
19 266
4 273
31 311
35 311
44 284
34 331
23 331
18 350
9 369
40 396
11 418
43 396
52 388
59 360
69 376
72 381
92 382
94 416
82 404
67 414
33 427
38 420
78 426
86 440
81 450
72 430
28 441
22 435
27 420
4 421
10 429
2 438
13 458
30 462
33 474
17 501
9 503
13 509
25 548
16 551
35 523
36 523
30 503
53 524
63 525
38 554
65 545
72 538
67 526
71 514
53 486
42 514
40 477
56 465
59 474
133 499
81 502
168 496
163 485
164 467
193 460
200 472
216 473
206 475
195 479
168 488
124 517
135 524
168 512
193 540
168 541
138 529
98 548
106 525
96 523
91 514
75 538
82 541
115 557
115 592
135 582
159 575
123 571
178 573
204 573
214 575
182 593
173 595
159 582
181 620
212 605
220 603
204 644
193 650
178 641
158 634
172 627
170 627
117 622
109 633
155 635
100 626
89 653
82 635
72 617
80 621
106 614
96 603
100 601
103 589
71 568
72 571
82 578
63 608
34 592
48 561
2 600
6 605
9 611
56 637
60 630
65 611
69 641
69 645
3 648
24 697
9 703
67 721
39 672
63 653
71 654
76 678
92 673
97 687
92 732
76 694
72 748
74 787
104 737
97 809
90 791
52 810
25 795
50 748
43 735
8 735
15 754
2 795
3 816
11 820
26 822
54 823
19 850
2 862
10 877
4 884
3 885
28 898
44 882
37 862
77 861
58 880
75 892
90 895
83 890
98 876
109 854
100 854
56 834
68 814
111 832
141 778
172 797
168 823
161 813
143 811
135 864
116 876
140 890
165 865
173 833
145 828
182 856
201 881
197 891
203 898
206 881
208 856
220 825
212 845
175 850
176 795
177 774
193 820
175 764
185 752
182 748
166 747
154 753
150 764
121 766
114 761
113 772
113 753
114 752
129 758
157 716
155 721
121 734
112 672
117 669
153 655
200 673
194 687
198 696
220 725
217 668
219 660
227 682
223 694
237 704
230 693
258 676
286 655
294 667
311 672
312 680
270 695
265 685
282 731
287 723
290 729
279 751
276 736
275 748
256 756
255 738
257 708
245 713
253 716
236 755
236 794
245 795
274 803
269 811
267 820
235 829
226 830
235 883
222 895
275 893
268 866
264 847
282 854
278 872
282 891
284 877
311 856
298 855
304 846
303 825
275 808
292 804
297 773
312 758
348 768
368 787
375 792
360 835
327 795
356 871
358 888
357 894
374 895
378 859
375 857
397 840
395 890
386 892
399 892
428 876
421 854
431 835
428 812
406 824
408 770
425 774
427 778
425 763
414 740
427 731
385 718
382 735
380 768
377 766
351 763
323 751
344 731
365 748
374 749
377 712
339 703
312 709
353 673
374 680
384 701
400 666
402 666
395 698
402 707
437 706
431 685
433 634
415 645
405 617
409 629
420 624
433 594
438 582
437 575
422 581
395 600
405 607
348 606
352 577
351 567
346 574
336 574
337 607
357 609
361 608
393 614
380 624
353 653
351 652
317 643
321 636
317 615
314 609
299 617
306 649
280 610
276 631
264 629
221 586
251 588
265 588
265 585
253 577
229 584
248 576
252 570
283 577
296 576
302 582
306 585
335 575
316 570
313 566
290 555
300 543
280 515
287 516
288 551
240 561
228 550
222 560
228 510
233 529
249 547
257 497
245 485
228 482
245 471
270 476
271 477
299 460
272 486
293 496
307 483
323 462
310 456
344 460
345 461
348 460
371 498
360 474
325 465
351 504
362 518
352 534
370 544
374 524
377 514
397 536
394 546
380 558
434 534
425 525
413 524
434 513
415 517
409 497
397 479
403 462
419 460
453 443
474 443
490 471
463 444
462 469
459 494
452 509
445 541
477 551
478 496
482 483
493 509
502 539
507 541
529 539
533 528
513 525
511 509
508 488
500 489
508 439
519 472
531 472
534 472
541 474
549 479
576 463
547 444
584 449
604 465
633 438
616 481
606 467
586 479
597 495
615 496
623 482
627 527
615 521
601 520
587 540
586 529
581 484
538 512
561 530
558 540
546 562
546 576
566 619
565 599
556 585
587 595
605 588
633 576
633 615
611 604
582 610
616 638
621 627
624 636
647 649
639 642
637 643
605 652
599 652
598 622
576 638
585 641
558 653
528 640
511 643
510 642
525 598
526 624
532 635
524 595
539 581
538 565
520 562
502 578
500 590
480 593
498 559
481 555
461 561
457 570
475 590
444 596
466 599
484 612
500 617
498 664
492 615
450 689
440 709
480 712
453 696
452 681
489 664
496 690
526 707
519 721
506 710
495 726
487 728
523 738
528 731
511 768
507 765
491 763
461 764
474 763
470 763
443 733
442 736
461 745
439 809
458 788
467 789
466 813
456 814
455 829
445 869
438 870
459 890
472 899
464 888
468 842
486 828
475 871
473 873
500 877
528 877
502 860
511 812
501 815
492 791
479 778
493 790
516 780
540 785
569 781
569 833
567 802
558 831
532 845
547 871
549 898
572 880
552 877
564 838
573 866
599 890
600 898
624 895
612 858
616 836
640 802
618 810
589 812
596 797
628 795
646 793
646 767
632 749
646 746
606 731
631 741
620 761
564 779
541 763
534 764
537 746
569 735
577 734
575 721
550 695
549 696
543 681
544 687
564 684
607 697
605 703
617 712
619 723
640 699
643 667
657 708
680 713
682 686
700 677
684 653
718 662
721 654
726 661
755 705
746 692
707 665
747 749
749 744
763 728
769 761
756 781
715 749
714 740
697 732
691 724
654 723
686 735
684 750
674 802
684 833
691 831
697 834
691 847
655 843
668 851
661 861
672 899
697 870
674 861
673 859
699 836
734 862
711 879
740 872
745 872
755 872
760 809
743 805
739 803
704 796
725 784
754 797
772 765
830 759
849 791
817 773
788 810
770 833
798 841
772 846
799 893
850 862
809 814
854 860
860 864
861 898
872 894
877 871
885 870
897 816
892 799
879 835
850 767
876 775
879 760
879 732
877 710
892 690
842 692
836 694
845 699
810 724
797 748
772 740
775 724
791 716
798 690
843 686
800 689
789 688
802 675
815 660
843 652
863 660
885 683
848 688
896 675
889 667
893 658
893 650
881 615
861 606
881 606
882 601
896 587
862 542
883 541
846 548
859 551
841 580
824 594
815 576
838 557
794 548
806 563
797 599
807 625
829 624
841 634
808 638
808 643
804 643
790 645
790 611
767 595
747 595
758 612
728 633
676 636
673 617
660 621
676 604
722 586
724 587
726 557
721 575
700 550
671 543
713 548
722 535
732 546
733 557
770 568
793 584
772 567
790 557
778 531
784 491
774 493
760 498
757 531
741 519
695 533
678 517
697 507
713 483
749 509
688 468
663 473
655 459
656 440
699 443
709 458
731 455
753 465
732 483
767 466
755 454
779 448
790 460
815 441
856 445
827 467
820 470
818 481
825 505
791 527
797 527
853 524
839 508
845 498
878 513
880 523
866 534
887 523
889 512
880 506
879 492
873 491
865 485
856 466
857 459
860 446
885 436
868 404
834 401
835 403
828 424
827 436
813 427
810 431
794 419
812 398
826 427
851 388
831 365
799 352
795 346
829 347
838 351
855 350
865 373
858 396
899 388
882 368
878 361
888 310
883 338
849 303
858 305
871 292
886 289
862 270
899 249
853 232
847 268
859 287
825 278
845 254
830 232
808 236
821 252
811 261
799 304
838 287
839 287
829 320
825 330
814 330
739 298
737 293
742 289
772 287
789 283
761 276
779 242
772 238
737 234
746 243
758 266
718 249
720 227
721 225
713 229
704 233
696 265
713 279
724 276
724 283
736 294
736 295
722 283
715 315
709 323
699 328
724 333
719 326
725 319
769 326
779 303
791 322
785 347
778 339
771 337
740 399
745 368
762 350
755 418
752 401
747 424
712 418
714 403
734 396
699 351
698 397
700 428
691 427
646 410
646 397
673 402
694 405
683 393
689 386
685 374
680 341
670 347
676 363
638 373
637 373
635 361
593 346
625 359
633 378
593 383
602 385
630 393
644 436
628 424
625 425
584 416
547 410
588 382
542 385
538 403
538 428
520 430
511 435
443 415
473 410
475 388
483 381
509 367
507 338
463 355
444 333
535 336
536 333
540 334
538 339
542 372
559 375
592 369
581 342
531 318
518 284
512 288
491 291
506 293
485 301
484 327
464 313
450 278
455 279
487 279
492 234
484 258
470 261
444 232
466 230
474 230
505 236
512 238
515 259
518 273
537 263
526 239
561 251
602 241
632 238
631 278
612 265
596 251
546 289
563 305
557 332
593 322
630 297
612 295
648 310
646 317
649 319
649 318
673 292
690 272
677 258
645 246
639 252
659 225
669 237
677 227
652 214
647 217
660 188
662 205
667 200
660 181
675 170
654 163
644 129
629 136
637 147
628 165
625 156
626 155
608 152
588 157
617 158
593 192
623 171
623 192
618 194
601 199
594 199
577 214
570 207
587 197
550 202
538 213
566 218
532 216
489 205
454 217
446 198
512 202
532 205
497 182
478 167
460 178
444 163
453 158
460 127
562 135
505 178
557 180
582 179
563 152
576 135
568 111
574 104
557 80
561 89
565 117
553 111
525 121
446 97
478 85
506 79
551 68
479 44
456 65
448 52
442 38
464 0
465 17
555 2
483 4
540 60
574 59
580 53
576 9
588 19
596 25
616 27
627 62
610 87
591 70
600 107
583 109
580 115
600 125
630 120
623 116
644 85
661 93
659 121
678 116
672 81
663 64
664 52
659 39
655 61
631 22
669 2
670 39
682 11
701 33
712 41
705 40
723 22
734 25
738 32
794 30
795 39
782 51
761 49
775 74
787 72
793 85
778 89
754 89
743 91
721 92
733 72
738 57
696 63
686 70
686 75
687 111
726 143
746 105
752 144
748 149
696 159
705 163
722 164
697 204
747 211
724 184
729 164
758 168
767 207
756 225
790 223
789 215
782 171
782 128
770 123
766 166
760 93
770 120
783 108
826 142
836 132
821 149
807 152
797 142
795 159
798 167
808 197
823 223
826 208
838 176
856 204
857 221
842 224
885 224
877 193
894 192
889 164
880 165
877 170
851 135
891 138
897 155
892 106
898 92
876 106
868 125
878 128
864 124
852 116
832 116
814 94
819 92
833 97
798 83
796 65
795 91
797 61
799 28
816 17
819 15
827 75
839 78
852 77
841 36
869 34
EDGES 5269
2014 517
517 2015
2015 2014
49 2015
2015 511
511 49
517 143
143 2015
513 2014
2014 138
138 513
511 2013
2013 49
2013 2012
2012 49
2013 142
142 1995
1995 2013
512 2012
2012 2011
2011 512
512 49
2011 514
514 512
517 48
48 2010
2010 517
2010 515
515 517
48 2009
2009 2010
2009 515
516 1931
1931 2008
2008 516
2009 2008
2008 515
1931 514
514 2007
2007 1931
1932 2007
2007 2005
2005 1932
1936 2004
2004 2006
2006 1936
1937 2006
2006 1969
1969 1937
2011 2007
2005 1935
1935 1932
1936 1935
1935 2004
2001 2004
2004 2002
2002 2001
2002 2011
2011 2003
2003 2002
2000 2003
2003 1999
1999 2000
2001 47
47 2006
2006 2001
2002 2000
2000 2001
2005 2004
2000 47
1970 2000
2000 1971
1971 1970
2003 2012
2013 2003
1999 1971
1995 1996
1996 1998
1998 1995
1999 1998
1998 1990
1990 1999
1991 1988
1988 1997
1997 1991
1997 510
510 1991
1990 1971
1988 1990
1990 1997
1993 510
1997 1993
1993 1995
142 1993
511 1
1 1994
1994 511
1993 1994
1994 510
142 511
1994 142
1997 1996
1995 1997
510 141
141 1992
1992 510
1988 1992
1992 1987
1987 1988
1990 1996
1992 1991
1988 509
509 1990
1980 509
509 1989
1989 1980
1989 1985
1985 1980
1987 1986
1986 1989
1989 1987
509 1971
141 1987
1989 1988
141 1986
1986 1985
1981 1980
1985 1981
1984 1985
1986 1984
1672 1673
1673 1984
1984 1672
1984 141
141 1672
1979 1981
1981 1983
1983 1979
1978 1983
1983 1678
1678 1978
1673 1678
1983 1673
1984 1982
1982 1981
1981 1984
1982 1983
1979 1977
1977 1980
1980 1979
1977 1976
1976 1980
432 1979
1979 1978
1978 432
432 1977
1982 1673
1972 1980
1976 1972
1975 1973
1973 1976
1976 1975
437 1963
1963 1977
1977 437
1974 1973
1975 1974
1966 1975
1975 1963
1963 1966
47 1970
1970 1974
1974 47
1974 1964
1964 47
1972 509
1973 1972
432 437
1972 1970
1970 509
2013 1999
507 1975
1975 140
140 507
1937 1936
1967 1969
1969 1968
1968 1967
1969 47
1964 1969
1967 1937
1968 1965
1965 1948
1948 1968
1934 1967
1967 1938
1938 1934
1963 508
508 1966
1966 140
1948 24
24 1967
1967 1948
1949 1965
1965 507
507 1949
1974 1972
1976 1963
507 1974
1961 435
435 1962
1962 1961
432 1962
1962 437
433 1694
1694 1961
1961 433
1679 1961
1961 432
432 1679
1697 1696
1696 1960
1960 1697
1960 1695
1695 1697
437 435
435 1959
1959 437
1963 1959
1959 508
508 1956
1956 1958
1958 508
140 1958
1958 1950
1950 140
1956 1957
1957 1958
1957 1950
1955 436
436 1956
1956 1955
1956 1953
1953 1957
435 1695
1960 435
1959 1955
1955 508
1952 1953
1956 1952
1833 1954
1954 438
438 1833
1953 1947
1947 1957
1947 1950
139 1952
1952 1951
1951 139
139 1947
1953 139
502 1951
1951 1835
1835 502
1950 1949
1949 140
1966 1958
1949 1948
24 1938
139 503
503 1947
1947 1949
1940 504
504 1946
1946 1940
501 1946
1946 1914
1914 501
500 1946
1946 1945
1945 500
1943 1945
1945 1944
1944 1943
1945 499
499 1944
1943 500
499 491
491 1944
1943 497
497 500
1941 497
497 1942
1942 1941
505 1942
1942 1933
1933 505
497 1925
1925 1942
1940 1941
1941 505
505 1940
505 1939
1939 1940
1940 500
500 1941
1939 504
1948 1939
1939 24
1934 1937
1938 505
505 1934
1964 1968
2005 2011
2011 2004
1964 506
506 1968
1937 1935
1965 506
506 507
1932 1931
496 515
515 1933
1933 496
1933 1932
1932 1934
1934 1933
1939 1938
1935 1934
516 514
1925 1927
1927 1929
1929 1925
1942 1929
1929 496
496 1942
1927 495
495 1928
1928 1927
1929 1928
1928 496
1924 1923
1923 1927
1927 1924
1925 1924
1925 1926
1926 1924
1943 1926
1926 497
495 496
1923 495
1926 498
498 1924
1923 1921
1921 495
1923 1922
1922 1921
1922 1918
1918 1921
1 517
517 1921
1921 1
1921 487
487 1
488 493
493 1920
1920 488
492 1920
1920 1918
1918 492
492 1917
1917 1919
1919 492
1902 1919
1919 1911
1911 1902
493 1921
1918 493
137 1920
492 137
491 1916
1916 1917
1917 491
498 1917
1917 494
494 498
1916 1919
1916 1911
501 1912
1912 1915
1915 501
1945 1915
1915 499
502 1913
1913 1914
1914 502
501 1945
502 1836
1836 1913
1913 501
1913 1912
1912 1911
1911 1915
1902 492
1911 490
490 1902
1909 1838
1838 1910
1910 1909
1911 1903
1903 490
1837 1838
1909 1837
1911 1910
1910 1903
471 474
474 1908
1908 471
1908 132
132 471
1906 473
473 1907
1907 1906
1876 1907
1907 1880
1880 1876
1907 1877
1877 1906
474 1907
473 474
472 474
474 1905
1905 472
1910 1905
1905 1903
1897 137
137 1904
1904 1897
1904 1896
1896 1897
473 1905
1911 1909
499 1916
1902 137
1900 488
488 1901
1901 1900
1901 137
137 1900
1897 1900
1900 1899
1899 488
1898 493
493 1899
1899 1898
1899 489
489 1898
487 493
1898 487
1893 1898
489 1893
1902 1904
1897 489
489 1900
1904 1903
1905 1904
1896 1895
1895 1897
489 1895
1895 1893
1894 1895
1895 1887
1887 1894
1891 1893
1893 1894
1894 1891
1894 1892
1892 1891
1891 487
487 1893
1892 642
642 1891
1887 486
486 1894
1891 1
1889 643
643 1890
1890 1889
1890 485
485 1889
643 641
641 1890
1888 1889
1889 484
484 1888
648 643
643 1888
1888 648
1888 1883
1883 648
486 1892
1884 1887
1887 1885
1885 1884
482 1895
1896 482
482 1886
1886 1878
1878 482
482 483
483 1885
1885 482
484 1887
1884 484
1888 1884
1884 1883
1869 1884
1884 1882
1882 1869
650 1883
1883 1869
1869 650
136 480
480 1882
1882 136
1882 483
483 136
1880 1881
1881 1876
1879 1881
1881 483
483 1879
1876 1877
1880 1870
1870 1881
1878 1896
1904 1878
1879 1876
1896 1886
1878 483
1878 1879
1877 1904
1904 1906
1907 1875
1875 1880
1879 1877
471 1844
1844 1875
1875 471
1875 1870
1844 475
475 1874
1874 1844
1875 1874
1874 1870
1846 476
476 1873
1873 1846
1873 475
475 1846
477 476
476 1872
1872 477
1872 481
481 477
478 133
133 1871
1871 478
1871 480
480 478
1870 136
136 1881
480 1869
484 485
485 1887
180 1868
1868 1867
1867 180
1868 1866
1866 479
479 1868
1869 180
180 650
1865 1864
1864 1866
1866 1865
1867 479
479 180
480 1864
1865 480
1868 1865
133 1861
1861 1866
1866 133
1871 1864
478 1861
479 1861
1861 671
671 479
1851 478
478 1854
1854 1851
1846 1854
1854 476
12 478
1851 12
1846 1851
1846 1849
1849 1850
1850 1846
1851 1850
1850 12
1848 123
123 1849
1849 1848
1849 470
470 1850
1830 123
1848 1830
1834 1848
1848 1847
1847 1834
475 1847
1847 1846
1849 1847
1845 1847
475 1845
1843 1842
1842 1845
1845 1843
475 1843
475 477
477 1874
132 1844
1844 1843
1840 1845
1845 1841
1841 1840
1838 1839
1839 1842
1842 1838
1842 1841
1839 1840
1840 1842
1843 1838
1836 1834
1834 1840
1840 1836
1839 1836
1840 1847
1837 1839
1837 1836
1838 132
1908 1838
1913 1837
1909 1913
1910 472
1831 1848
1834 1831
1835 1952
1952 1954
1954 1835
1836 1835
1835 1834
1831 1829
1829 1848
1832 1831
1831 1833
1833 1832
1828 1833
438 1828
1832 1829
1826 1832
1832 1828
1828 1826
1829 1830
1829 1826
1826 1830
123 470
1843 132
438 1703
1703 1828
1703 1823
1823 1828
1828 1827
1827 1826
1827 1823
1823 124
124 1827
1826 124
124 1830
1824 468
468 1825
1825 1824
1807 1825
1825 1809
1809 1807
1823 1824
1824 124
1824 1807
1807 124
449 1823
1823 1822
1822 449
1705 449
1822 1705
1822 1704
1704 1705
1820 1817
1817 1821
1821 1820
1743 1821
1821 1713
1713 1743
1817 468
468 1821
1818 1820
1820 1819
1819 1818
1821 449
449 441
441 1821
1818 1817
1819 1743
1743 1744
1744 1819
448 1818
1818 447
447 448
1743 1820
1817 1815
1815 468
447 23
23 1816
1816 447
1816 448
1748 1819
1744 1748
1815 1808
1808 468
1806 1807
1809 1806
23 1809
1809 450
450 23
468 449
1809 1808
1808 450
1808 1825
1830 1807
1807 123
469 123
1807 469
469 1806
1806 131
131 469
1766 764
764 1767
1767 1766
1764 1767
1767 1762
1762 1764
1767 1270
1270 1766
1268 1270
1767 1268
764 1762
1767 1287
1287 1268
1762 1763
1763 1764
1765 1764
1764 1287
1287 1765
1759 1294
1294 1763
1763 1759
1294 1764
1762 1759
1762 11
11 1759
1767 1765
1758 1759
11 1758
337 1294
1759 337
1757 1758
11 1757
1295 1758
1757 1295
1297 1757
1757 1756
1756 1297
1754 1736
1736 1756
1756 1754
1757 1754
1609 1608
1608 1755
1755 1609
1755 1736
1736 1609
1737 1736
1754 1737
1754 1751
1751 1737
11 23
23 1753
1753 11
1750 1753
1753 452
452 1750
1754 11
1753 1754
1746 1751
1751 1747
1747 1746
452 447
447 1750
1747 1750
1750 1748
1748 1747
1744 1745
1745 1748
1819 447
447 1748
1750 1751
1751 1753
1745 1746
1746 1748
1743 1745
1745 1737
1737 1746
1732 1745
1743 1732
446 1732
1743 446
448 1815
1817 448
1740 1742
1742 1741
1741 1740
445 1733
1733 1741
1741 445
1738 1745
1745 1740
1740 1738
1733 1739
1739 1740
1740 1733
1742 445
1733 1730
1730 1739
1738 1739
1739 416
416 1738
1742 1745
1732 1742
1736 1738
416 1736
1755 1756
1738 1737
416 1609
1610 1609
1609 1735
1735 1610
1735 1734
1734 1610
1739 125
125 416
1734 1729
1729 1610
1729 1739
1730 1729
445 1732
446 445
1724 1723
1723 1731
1731 1724
445 1731
1731 1730
1730 445
1731 1729
445 1724
1739 1735
1735 125
1728 1729
1729 1723
1723 1728
1726 1616
1616 1728
1728 1726
1723 1726
1724 1725
1725 1727
1727 1724
1723 1727
1727 1726
1612 1728
1616 1612
444 1727
1725 444
1725 1722
1722 444
444 1720
1720 1727
1717 1725
1725 1714
1714 1717
445 1714
1714 1724
1612 1729
1721 1722
1722 1717
1717 1721
444 1721
1721 1720
1719 1721
1717 1719
1655 1727
1720 1655
1720 1656
1656 1655
1682 1687
1687 1719
1719 1682
1719 1718
1718 1682
1721 426
426 1720
1692 1718
1718 1691
1691 1692
1719 426
1711 441
441 1716
1716 1711
1716 1715
1715 1711
1716 442
442 1714
1714 1716
1715 1712
1712 1711
1715 1714
1714 1713
1713 1715
1713 446
1713 1712
441 1713
1714 446
441 1709
1709 1716
441 1705
1705 1710
1710 441
1709 1710
1710 1707
1707 1709
1709 1688
1688 1716
1707 1708
1708 1709
1708 1689
1689 1709
1710 440
440 1706
1706 1710
1707 1689
1698 1690
1690 1706
1706 1698
1699 1706
440 1699
1706 1707
439 440
440 1704
1704 439
1823 1704
1702 1699
1699 1703
1703 1702
438 1702
1699 439
439 1703
1702 1700
1700 1699
1696 1700
1700 1701
1701 1696
1955 1701
1701 436
438 436
436 1702
1702 1701
1697 1699
1699 1696
1693 1690
1698 1693
1694 1698
1698 1695
1695 1694
1707 1690
1690 1689
1698 1697
1696 1955
1955 1960
1959 1960
1706 1697
1694 435
1694 443
443 1698
443 1693
434 1682
1682 1692
1692 434
1692 443
443 434
1718 1717
1717 442
442 1718
1691 443
439 1823
1690 121
121 1688
1688 1690
1689 1688
1705 440
1688 442
1682 1685
1685 1687
1687 426
1685 427
427 1686
1686 1685
1687 1686
1686 1657
1657 1687
427 1658
1658 1686
429 1685
1682 429
1667 430
430 1684
1684 1667
1684 1675
1675 1667
122 1674
1674 1684
1684 122
122 1683
1683 1676
1676 122
429 427
1676 1682
434 1676
433 1679
1679 1681
1681 433
443 1681
1681 434
1679 1678
1678 1680
1680 1679
1681 1676
1677 1680
1678 1677
1673 1677
1679 1978
1676 1680
1680 122
1683 430
430 429
429 1683
1681 1680
1683 1684
1668 1675
1675 1669
1669 1668
1671 431
431 1674
1674 1671
1674 1677
1677 1671
122 1677
1662 424
424 1672
1672 1662
1 1672
1672 510
510 1
1672 1671
1671 1673
1672 1670
1670 1671
431 1670
1670 1669
1669 431
1668 1667
1675 431
1668 427
427 1667
429 1667
1664 428
428 1666
1666 1664
424 1666
1666 44
44 424
1672 1665
1665 1670
1665 1669
1659 428
1664 1659
1660 1664
1664 1663
1663 1660
1660 1659
1643 1663
1663 1662
1662 1643
424 1665
114 1662
1662 2
2 114
1643 423
423 1661
1661 1643
1660 1661
1661 1653
1653 1660
428 44
425 1660
1653 425
427 1659
1659 1658
1659 425
425 1658
1658 1657
1654 1658
425 1654
427 428
1657 1655
1655 1687
1656 426
426 1655
1654 1651
1651 1655
1655 1654
425 1644
1644 1654
1657 1654
1661 1645
1645 1653
1648 1646
1646 1652
1652 1648
1652 1647
1647 1648
1644 1651
1727 1651
1651 1650
1650 1727
1612 1610
1617 1650
1650 418
418 1617
418 1648
1648 1649
1649 418
1649 1619
1619 418
1650 1648
1648 1619
422 1621
1621 1647
1647 422
1652 422
1648 1651
1651 1646
1646 422
1644 1653
1645 1644
1646 1645
1645 423
423 1646
1651 1645
1643 1660
120 1640
1640 1642
1642 120
1643 1642
1642 1641
1641 1643
1640 1620
1620 1641
1641 1640
1639 1621
1621 1640
1640 1639
1636 1640
120 1636
422 1640
1629 1639
1639 1638
1638 1629
1643 1620
1620 423
1638 1637
1637 1629
1638 1640
1636 1638
1629 1621
1636 1637
1630 1637
1637 1635
1635 1630
120 1634
1634 1636
1630 1629
120 114
114 1634
1630 1634
1634 1633
1633 1630
114 1633
1635 1634
1627 1630
1630 1632
1632 1627
1632 1554
1554 1627
1633 1555
1555 1631
1631 1633
1631 1630
114 1555
1636 1635
1628 1624
1624 1629
1629 1628
1629 1627
1627 1628
1623 1629
1624 1623
1631 1632
1627 421
421 1628
1562 1625
1625 1626
1626 1562
421 1626
1626 118
118 421
45 1626
1625 45
420 1625
1625 1595
1595 420
1623 1621
1624 421
118 1624
1622 1623
1623 119
119 1622
119 419
419 1622
1622 1621
1622 1618
1618 1619
1619 1622
1555 1632
422 1620
423 422
1618 418
419 1618
1618 1617
1619 1647
1621 1619
1726 1617
1617 1616
1617 1615
1615 1616
1726 1650
1618 1615
1615 1613
1613 1616
1604 1612
1612 1614
1614 1604
1605 1614
1614 1598
1598 1605
1618 1596
1596 1615
1613 1612
1615 1598
1598 1613
1612 1611
1611 1610
1739 1734
1606 1611
1611 1604
1604 1606
1614 1613
1608 1297
1297 1755
1609 125
415 1303
1303 1608
1608 415
1606 1608
1609 1606
1606 1603
1603 1607
1607 1606
1608 1607
1607 415
1610 1606
1598 420
420 1605
1605 1600
1600 1614
1600 417
417 1614
417 414
414 1603
1603 417
1604 1603
1586 1304
1304 1602
1602 1586
1601 1602
1602 414
414 1601
1588 1587
1587 1601
1601 1588
417 1601
1605 1599
1599 1600
1600 1588
1588 417
420 1599
1599 1589
1589 1600
417 1604
1598 1597
1597 420
1596 45
1625 1596
420 412
412 1599
118 1596
1596 419
419 118
1562 1595
1597 1625
1562 1563
1563 1594
1594 1562
1594 43
43 1562
43 1592
1592 1593
1593 43
117 1593
1593 1591
1591 117
1563 1560
1560 1592
1592 1563
1594 1592
1592 1591
117 43
1591 1590
1590 117
413 1590
1590 1583
1583 413
413 1588
1588 1589
1589 413
1590 412
412 117
413 1587
1583 1587
1587 1585
1585 1601
1304 339
339 1602
1586 1320
1320 1304
410 1580
1580 1586
1586 410
1584 1585
1587 1584
410 1585
1584 410
1584 1581
1581 410
1584 1583
1590 1584
411 410
410 1582
1582 411
1582 1574
1574 411
1589 1590
1582 1581
1584 1582
410 1578
1578 1580
1580 1320
1578 42
42 1579
1579 1578
1580 1321
1321 1320
411 1578
1579 1580
1458 1327
1327 1577
1577 1458
409 1577
1577 42
42 409
1461 1460
1460 1576
1576 1461
1571 1576
1576 1575
1575 1571
116 1572
1572 1575
1575 116
1575 1573
1573 116
1584 1574
1575 411
1574 1575
1591 1574
1574 1590
1572 1571
1572 1565
1565 1571
1571 1461
1571 379
379 1461
1565 1570
1570 1571
1570 406
406 1571
406 379
406 1569
1569 1540
1540 406
404 405
405 1569
1569 404
404 1568
1568 1565
1565 404
404 1567
1567 405
1549 1567
1567 1550
1550 1549
1565 1566
1566 404
1567 1566
1566 1550
1570 1569
1564 1565
1572 1564
1560 1559
1559 1564
1564 1560
1573 1591
1592 1573
1564 1592
1563 403
403 1560
117 1562
1562 403
403 421
421 1561
1561 403
1560 1561
1561 1558
1558 1560
1559 1565
1550 1559
1559 1558
1558 1550
1561 402
402 1558
1566 1559
115 401
401 1558
1558 115
115 1557
1557 1554
1554 115
1557 1556
1556 1554
1627 1556
1556 421
114 115
115 1555
1555 1554
1557 402
402 1556
114 1545
1545 1553
1553 114
401 1553
1553 1552
1552 401
1553 1548
1548 1549
1549 1553
401 114
1551 1553
1549 1551
1552 1551
1551 1550
1550 1552
1564 116
116 1592
1542 1567
1549 1542
1548 1542
1548 1547
1547 1542
1548 1545
1545 1547
1547 1546
1546 1542
400 1567
1542 400
112 1526
1526 1545
1545 112
2 1545
398 1543
1543 1544
1544 398
1544 1536
1536 398
1526 1525
1525 1543
1543 1526
1546 1545
1545 1543
1543 1546
398 1542
1542 1543
1540 405
405 1541
1541 1540
397 1541
1541 398
398 397
1569 1568
380 1540
1540 397
397 380
1540 1539
1539 406
1539 379
381 379
379 1538
1538 381
16 1538
1538 1535
1535 16
1538 1537
1537 1535
16 1537
1537 380
380 16
1544 399
399 1529
1529 1544
1536 397
1539 1537
1538 1539
380 1530
1530 16
15 1530
1530 1504
1504 15
399 1502
1502 1529
1527 1529
1529 1528
1528 1527
1527 1536
1544 1527
380 1528
1528 1530
1502 1530
1530 1529
1527 397
112 1519
1519 1526
1524 399
399 1525
1525 1524
113 1521
1521 1524
1524 113
1526 1524
113 1519
1519 1523
1523 113
1521 1523
1523 1522
1522 1521
1519 1522
1522 395
395 1521
1521 1502
1502 1524
109 1519
1519 1520
1520 109
1520 111
111 109
1526 113
1519 395
112 2
2 1518
1518 112
1520 1517
1517 111
2 1517
1517 1518
1520 1518
393 1513
1513 1516
1516 393
1516 1517
1517 393
1514 392
392 1515
1515 1514
1515 2
2 1514
1509 391
391 1514
1514 1509
1514 1485
1485 1509
1512 111
111 1513
1513 1512
1510 1513
1513 394
394 1510
1512 109
390 1512
1512 1510
1510 390
1505 15
15 1511
1511 1505
1507 1511
1511 387
387 1507
1509 1510
1510 391
394 391
384 1494
1494 1509
1509 384
1509 110
110 384
1506 1507
1507 1508
1508 1506
1490 1508
1508 1494
1494 1490
1506 1505
1505 1507
1507 1509
1509 1508
1495 1505
1506 1495
386 1506
1508 386
1495 15
1502 1504
15 16
1519 1503
1503 395
388 1503
1503 396
396 388
397 1528
1504 388
388 15
18 15
15 1497
1497 18
386 1497
1497 1496
1496 386
1495 1497
1496 1495
1495 386
386 18
1493 1490
1494 1493
1492 1490
1493 1492
384 1493
1490 386
1492 384
384 1490
110 1491
1491 384
1490 1491
1491 1486
1486 1490
1490 1489
1489 386
18 1489
1489 1480
1480 18
1481 1487
1487 1488
1488 1481
1488 1483
1483 1481
1486 385
385 1487
1487 1486
1487 1484
1484 1488
110 1486
1489 1486
1486 1481
1481 1489
2 1392
1392 1485
1485 2
1421 1485
1485 1420
1420 1421
385 1485
1485 1484
1484 385
1484 1483
1478 1483
1483 1482
1482 1478
106 1423
1423 1482
1482 106
1478 1481
1484 106
1482 1484
1481 1480
110 385
1478 1477
1477 1479
1479 1478
1480 1479
1479 18
1482 371
371 1477
1477 1482
371 1429
1429 1477
1430 377
377 1476
1476 1430
1477 1476
1476 18
18 1477
377 1474
1474 1475
1475 377
1476 1472
1472 18
1432 1434
1434 1474
1474 1432
377 1432
1455 17
17 1473
1473 1455
1475 1473
1473 1472
1472 1475
17 1472
1476 1475
1457 408
408 1464
1464 1457
378 1464
1464 1459
1459 378
17 378
378 1463
1463 17
1463 16
16 17
381 1463
1463 1461
1461 381
409 1576
1460 409
1459 409
1460 1459
409 411
411 1576
378 1457
408 1456
1456 1458
1458 408
407 1458
1577 407
1457 1456
17 1457
382 1453
1453 1456
1456 382
1455 1456
1456 17
1455 382
1475 1455
1455 1474
1474 382
382 1454
1454 1452
1452 382
1458 1453
1453 1327
1329 1453
1453 345
345 1329
1451 1474
1434 1451
1453 1452
1452 345
1450 1452
1452 1451
1451 1450
1451 1433
1433 1450
1454 1474
1474 1452
1448 1450
1450 1449
1449 1448
1450 103
103 1449
1452 1448
1448 345
103 1442
1442 1449
1445 1335
1335 1447
1447 1445
1446 1447
1447 1443
1443 1446
1367 1445
1445 1446
1446 1367
1446 1444
1444 1367
1335 346
346 1447
1445 10
10 1335
375 1367
1444 375
376 1444
1444 1443
1443 376
1447 376
1441 1440
1440 1442
1442 1441
103 1441
366 1440
1441 366
1433 1441
103 1433
366 1436
1436 1440
1440 375
375 1442
1440 1439
1439 375
1439 1373
1373 375
1374 1372
1372 1438
1438 1374
1407 1438
1438 1437
1437 1407
1407 1406
1406 1438
1437 1436
1436 1407
1437 374
374 1440
1440 1437
367 1436
1436 1408
1408 367
372 107
107 1435
1435 372
1435 1431
1431 372
1431 373
373 1434
1434 1431
1432 1431
376 39
39 1449
1449 376
1430 1432
1430 1431
1433 1434
373 1433
41 1431
1430 41
1428 1430
1430 1429
1429 1428
1424 1429
371 1424
1428 41
1427 1428
1428 1425
1425 1427
368 1426
1426 1427
1427 368
1427 107
107 1428
1410 367
367 1427
1427 1410
1410 1426
1426 1409
1409 1410
1424 1423
1423 1425
1425 1424
370 1425
1425 369
369 370
1482 1424
1428 1424
1423 369
106 105
105 1422
1422 106
1423 1422
1422 1409
1409 1423
110 1485
1484 1421
1421 106
1392 1414
1414 1485
1420 1415
1415 1419
1419 1420
1421 1419
1419 105
105 1421
40 1417
1417 1418
1418 40
1418 1415
1415 40
1411 1409
1409 1417
1417 1411
1412 1417
40 1412
1413 40
40 1416
1416 1413
1399 1416
1416 1414
1414 1399
1418 105
1419 1418
1416 1415
1415 1414
1414 1420
1412 1413
1413 1399
1399 1412
1412 1411
363 1412
1412 1400
1400 363
1401 1407
1407 1411
1411 1401
1407 367
1410 1407
1411 1410
368 370
370 1426
1409 1418
1408 366
366 367
1406 1374
1401 1406
1438 374
1405 1406
1401 1405
1405 1374
1404 1405
1405 1403
1403 1404
1403 1385
1385 1404
1376 1404
1404 365
365 1376
1402 1386
1386 1403
1403 1402
1375 1405
1405 1376
1376 1375
1395 1386
1402 1395
363 1402
1402 1401
1401 363
363 1395
1401 1412
1396 1400
1400 1398
1398 1396
1398 1399
1414 1398
1400 1399
1396 363
1398 1397
1397 1396
1394 1397
1397 1389
1389 1394
1392 1393
1393 1397
1397 1392
1385 364
364 1404
1394 1395
363 1394
1396 1394
1395 361
361 1386
1392 1391
1391 1393
1393 1389
1046 1134
1134 1392
1392 1046
1392 3
3 1046
1141 1391
1391 1140
1140 1141
1141 298
298 1390
1390 1141
1389 1390
1390 362
362 1389
1388 1394
1394 362
362 1388
362 1143
1143 1388
1388 361
361 1394
1388 1387
1387 361
1387 1386
1387 1383
1383 1384
1384 1387
1384 364
1385 1384
1401 1403
364 1379
1379 1404
1148 1384
1383 1148
1384 1386
1383 1144
1144 1148
358 359
359 1382
1382 358
355 1382
1382 354
354 355
359 1151
1151 1381
1381 359
354 1381
1381 1380
1380 354
1382 1381
1380 102
102 354
358 1378
1378 1379
1379 358
1379 1377
1377 358
358 355
355 1378
1378 1404
1378 365
359 1377
1377 360
360 359
365 357
357 1376
1375 1374
1375 1372
1375 357
357 1372
1386 1385
1439 374
1438 1439
1367 1373
1373 1368
1368 1367
1372 1439
1373 1372
1372 1368
1370 355
355 1371
1371 1370
1362 1371
1371 102
102 1362
356 1369
1369 1370
1370 356
1370 1362
1362 356
1368 1370
1369 1368
1369 1367
357 1370
1370 1372
346 39
39 1447
10 1362
1362 1366
1366 10
1366 348
348 10
353 351
351 1365
1365 353
348 1365
1365 1358
1358 348
353 1363
1363 1364
1364 353
1364 352
352 353
102 1363
1363 1362
1363 1360
1360 1364
354 1371
10 356
1380 1361
1361 102
1363 1171
1171 1360
353 1362
1360 1172
1172 1364
1357 1365
1365 1359
1359 1357
1357 1358
351 1356
1356 1365
1366 1365
1359 1347
1347 1357
1357 348
1356 1359
1356 1347
1354 1352
1352 1355
1355 1354
1355 351
351 1354
1178 1179
1179 1354
1354 1178
309 1354
351 309
1352 1351
1351 1353
1353 1352
1353 1355
1351 1350
1350 1353
1180 1352
1352 1179
1179 1180
1350 1349
1349 1353
1275 1351
1351 101
101 1275
1349 1348
1348 1353
333 1350
1350 1275
1275 333
1347 1348
1349 1347
9 1349
1349 333
333 9
1348 1355
1356 1348
376 375
1334 1335
1335 1333
1333 1334
1333 1332
1332 1334
346 1334
1334 1331
1331 346
8 1332
1333 8
1335 8
10 8
8 1322
1322 1332
345 1331
1331 1330
1330 345
1331 1332
1332 1324
1324 1331
39 1331
345 39
345 1324
1324 1329
1327 1329
1329 1328
1328 1327
1326 1321
1321 1328
1328 1326
1329 1326
1324 1325
1325 1326
1326 1324
1322 1321
1321 1325
1325 1322
1332 1325
1321 99
99 1328
1330 1324
1319 1320
1320 1322
1322 1319
8 1319
1579 1321
1577 1579
1601 1586
1319 1307
1307 1320
344 8
8 1312
1312 344
1311 1312
1312 1282
1282 1311
98 1308
1308 1311
1311 98
1311 1310
1310 98
1292 98
1310 1292
1310 340
340 1292
1292 1293
1293 1309
1309 1292
1309 98
1307 344
344 1308
1308 1307
1308 1306
1306 1307
344 1311
1319 344
98 1306
1304 1307
1307 1305
1305 1304
1306 1302
1302 1305
1305 1306
1301 1302
1306 1301
1302 339
1304 1302
415 339
339 1303
1299 1303
1303 1298
1298 1299
1301 1298
1298 1302
98 1301
1309 1301
1303 1302
1293 1296
1296 1300
1300 1293
1309 1300
1300 1301
1296 1297
1297 1299
1299 1296
1300 1299
1299 1301
1297 1303
1296 1757
1295 1296
1293 1295
1758 337
1289 1294
1294 1290
1290 1289
1293 338
338 1295
1294 1292
1292 1291
1291 1294
1291 1290
1291 340
340 1290
337 338
1293 337
1764 1289
1289 1287
1293 1294
1289 1288
1288 1287
1289 340
340 341
341 1289
1269 1288
1288 1285
1285 1269
1277 1269
1269 1286
1286 1277
1276 1286
1286 9
9 1276
1288 341
341 1285
1269 1287
341 1282
1282 1284
1284 341
1284 9
9 341
8 1282
8 1284
9 1278
1278 1276
38 1278
1278 333
333 38
1276 1272
1272 1277
1277 1276
1285 1286
1271 1277
1272 1271
1356 1355
1258 38
38 1274
1274 1258
329 1274
1274 101
101 329
1261 330
330 1273
1273 1261
1273 38
38 1261
37 332
332 1272
1272 37
1273 1272
1276 1273
332 128
128 1271
1271 332
1271 1269
334 1267
1267 1270
1270 334
1271 1270
1268 1271
9 1285
1269 1268
334 331
331 1267
205 204
204 1266
1266 205
1266 1265
1265 205
1266 330
330 1264
1264 1266
1265 766
766 205
325 766
766 1264
1264 325
326 1264
1264 1263
1263 326
1262 326
1263 1262
1261 1263
1263 330
1260 1254
1254 1262
1262 1260
1261 1262
1259 1260
1262 1259
1258 1261
1255 1254
1260 1255
328 1260
1259 328
326 325
1259 1258
1258 328
1273 37
1258 329
329 328
1182 1185
1185 1257
1257 1182
327 1257
1257 1256
1256 327
327 1182
328 1256
1256 1255
1255 328
328 327
1254 326
1253 1250
1250 1254
1254 1253
1261 1259
1252 1251
1251 1253
1253 1252
1255 1253
1251 1250
1185 1186
1186 1257
319 1249
1249 1251
1251 319
1188 1251
1251 1186
1186 1188
1249 1246
1246 1250
1250 1249
1246 1254
324 1246
1249 324
323 1249
319 323
1241 1243
1243 1248
1248 1241
1248 1240
1240 1241
324 323
323 1247
1247 324
1246 1247
1247 325
325 1246
1246 326
1244 1243
1243 1245
1245 1244
1247 1245
1245 768
768 1247
1243 771
771 1245
1247 1244
1241 774
774 1243
1244 1248
1237 212
212 1242
1242 1237
1240 1242
1242 1241
774 771
1240 1237
212 775
775 1242
1236 1240
1240 1239
1239 1236
1240 323
319 1240
1222 1239
1239 1223
1223 1222
1222 1238
1238 1239
1238 1236
1238 322
322 1236
775 780
780 1242
322 1235
1235 1236
1237 1236
1236 776
776 1237
776 64
64 1237
776 1235
1235 1234
1234 776
1232 1233
1233 1234
1234 1232
1234 96
96 776
244 923
923 1233
1233 244
1233 1228
1228 244
1231 1228
1228 1232
1232 1231
322 1232
1232 1235
320 1228
1231 320
1238 1231
1231 322
1212 1225
1225 1230
1230 1212
1230 1224
1224 1212
321 1230
1230 1229
1229 321
95 1229
1229 1228
1228 95
95 321
923 799
799 1234
1234 923
945 930
930 1227
1227 945
1227 946
946 945
930 1228
1229 930
1210 1227
1227 1225
1225 1210
94 946
1227 94
1211 1225
1212 1211
1230 1222
1222 1224
1213 1224
1224 1220
1220 1213
1222 1231
1221 1223
1223 319
319 1221
1222 320
1224 1221
1221 1220
1223 1224
319 1219
1219 1221
1213 1212
1251 1219
1220 1214
1214 1213
1219 1188
1188 1218
1218 1219
1218 92
92 1219
1188 1187
1187 1217
1217 1188
1215 1218
1218 1216
1216 1215
1217 1189
1189 1216
1216 1217
1215 92
1216 1199
1199 1200
1200 1216
1214 1219
92 1214
1217 1218
1220 1219
321 1222
1213 1208
1208 1212
95 1222
1212 1209
1209 1211
1225 1226
1226 1230
1206 1211
1209 1206
1205 94
94 1210
1210 1205
952 1210
1210 1206
1206 952
1213 92
92 318
318 1213
1210 1211
1207 1206
1206 1208
1208 1207
1213 1207
318 1207
1209 1208
316 1206
1206 317
317 316
952 1205
317 1204
1204 316
314 1204
1204 1203
1203 314
315 316
1204 315
1203 1084
1084 314
317 318
318 1202
1202 317
1201 1203
1203 1200
1200 1201
1196 1086
1086 1201
1201 1196
1201 1084
318 1215
1215 1202
1203 1202
1202 1200
1198 1200
1199 1198
1202 1216
1199 1189
1189 1198
1196 1200
1200 1197
1197 1196
1189 311
311 1197
1197 1189
311 1195
1195 1197
1198 1197
1194 1164
1164 1195
1195 1194
311 1194
311 1193
1193 1194
91 1195
1164 91
1167 1165
1165 1194
1194 1167
1176 1193
1193 1192
1192 1176
1193 1191
1191 310
310 1193
1167 1193
1176 1167
1182 1191
1191 1185
1184 1191
1191 1190
1190 1184
1191 311
311 1190
1184 1185
1184 311
1189 1184
1185 1187
1187 1186
1217 1184
1252 1186
1252 1256
1257 1252
1217 1185
1175 1192
1192 1183
1183 1175
1177 1183
1183 1178
1178 1177
327 1181
1181 1182
310 1192
1183 1181
1181 1178
1183 1182
1179 1181
1181 1180
1352 101
1180 101
328 1180
1180 327
1176 1175
1175 1177
1177 1176
1173 1177
1177 309
309 1173
1176 1174
1174 1167
1183 310
310 1182
1174 1177
1173 1174
1174 1168
1168 1167
351 352
352 1173
1173 351
1172 352
1172 308
308 352
1361 306
306 1171
1171 1361
1363 1361
1151 1150
1150 1170
1170 1151
307 1170
1170 1169
1169 307
307 306
306 1170
1165 1169
1169 1166
1166 1165
1173 308
308 1174
1170 1166
1167 1169
1166 1161
1161 1165
1165 1164
1161 305
305 1165
313 1087
1087 1163
1163 313
1163 1091
1091 313
305 1158
1158 1162
1162 305
1162 312
312 305
312 1164
1165 312
1161 1152
1152 305
1155 302
302 1160
1160 1155
1146 1160
1160 1153
1153 1146
302 1159
1159 1160
1159 1153
304 1157
1157 1158
1158 304
305 304
1125 1092
1092 1157
1157 1125
1156 1157
304 1156
304 1159
1159 1156
1157 1126
1126 1125
1154 89
89 1155
1155 1154
1160 1154
89 302
1146 1154
302 1156
1150 1153
1153 1152
1152 1150
1150 1146
1170 1152
1152 1166
359 1150
1361 1151
1151 306
1149 1146
1150 1149
359 104
104 1149
1149 359
1146 89
1144 301
301 1148
360 1384
1384 104
104 360
301 1147
1147 1148
1147 104
104 1148
1159 305
305 1153
1128 1146
1146 301
301 1128
1137 297
297 1145
1145 1137
299 1145
1145 1144
1144 299
1145 1128
301 1145
1144 300
300 299
362 1142
1142 1143
1143 300
300 1388
298 1135
1135 1142
1142 298
1142 299
299 1143
1140 298
1389 1391
1391 1390
1134 1139
1139 1140
1140 1134
1392 1140
1138 1140
1139 1138
1135 1139
1139 35
35 1135
1135 1137
1137 1142
1145 1142
1129 297
297 1136
1136 1129
1131 1136
1136 35
35 1131
1136 1137
1135 1136
1046 1133
1133 1134
1046 1111
1111 1133
1392 1398
35 1134
1134 1132
1132 35
1132 1131
1135 1138
287 1125
1125 1130
1130 287
286 1130
1130 296
296 286
296 297
1129 296
1131 1129
89 1128
1128 1127
1127 89
302 1127
1127 295
295 302
303 295
295 1126
1126 303
1156 1126
1156 303
90 1157
1092 90
1123 1104
1104 1124
1124 1123
1124 287
287 1123
1121 1122
1122 1123
1123 1121
287 1121
1121 1106
1106 1122
1096 1124
1104 1096
1120 1114
1114 1121
1121 1120
1121 286
286 1120
1106 1105
1105 1122
1120 1119
1119 1114
1118 1117
1117 1119
1119 1118
1120 1118
88 292
292 1118
1118 88
1118 286
286 88
1117 1114
1115 1117
1117 292
292 1115
88 1132
1132 1133
1133 88
88 1131
1115 1114
1115 293
293 1114
1113 1106
1106 1114
1114 1113
1112 1114
293 1112
1113 294
294 1106
291 290
290 1112
1112 291
1115 1112
1115 291
1110 1111
1046 1110
1046 1047
1047 1110
1110 291
291 1111
275 289
289 1109
1109 275
1110 1109
1109 291
87 289
289 1108
1108 87
1108 1049
1049 87
294 290
290 1107
1107 294
1107 86
86 294
86 1106
86 1103
1103 1105
1105 86
287 286
1104 85
85 1096
1102 85
85 1103
1103 1102
86 1102
1052 1053
1053 1102
1102 1052
1102 1054
1054 1052
1097 1096
1096 1101
1101 1097
1076 1101
1101 288
288 1076
1098 285
285 1100
1100 1098
1100 1099
1099 1098
1100 1097
1097 1099
1099 1081
1081 1098
1088 285
1098 1088
1089 1098
1081 1089
285 1094
1094 1097
1097 285
1097 1076
1076 1099
1102 1101
1101 85
1093 1096
1096 1095
1095 1093
1094 1093
1095 1094
1097 1095
285 1090
1090 1094
1076 278
278 1099
1125 1093
1093 1092
1090 1091
1091 1092
1092 1090
1126 1130
1163 90
1092 1163
285 1091
1088 1091
1093 1090
1089 1088
313 1089
1089 314
314 313
1081 1083
1083 1089
1088 313
91 1162
1162 1163
1163 91
91 1087
1087 1086
1086 91
313 1085
1085 1087
1195 1086
1196 1195
1085 1201
1086 1085
314 1085
314 315
1085 1084
1082 1079
1079 1083
1083 1082
1081 1082
1079 315
315 1083
1080 1082
1082 284
284 1080
1081 284
1075 1073
1073 1080
1080 1075
278 1080
284 278
1077 1078
1078 1079
1079 1077
1080 1079
1078 315
316 1078
1078 251
251 316
1073 954
954 1078
1078 1073
1073 1079
1056 1057
1057 1076
1076 1056
288 1056
1074 1073
1075 1074
1075 279
279 1074
1073 1077
283 1074
279 283
278 1075
953 1078
954 953
78 956
956 1072
1072 78
1072 282
282 78
282 280
280 1071
1071 282
1071 253
253 282
280 1070
1070 1071
1070 963
963 1071
272 1066
1066 1069
1069 272
1069 280
280 272
280 1068
1068 272
1068 84
84 272
279 84
84 1067
1067 279
283 1067
1067 280
280 283
272 1059
1059 1066
1062 1066
1066 1061
1061 1062
1064 273
273 1065
1065 1064
1066 1065
1065 1069
1062 273
1064 1062
1062 1065
1001 997
997 1063
1063 1001
1032 1063
1063 1061
1061 1032
997 273
273 1063
1063 1062
1069 273
273 999
999 1069
274 1063
1032 274
1059 1055
1055 1060
1060 1059
1066 1032
1060 1066
1059 1058
1058 1055
84 1057
1057 1058
1058 84
1059 84
279 1057
1055 1057
1056 1055
1076 279
279 278
1081 278
1032 1060
1060 1053
1053 1032
1105 85
1104 1105
1033 1054
1054 1034
1034 1033
1056 1053
1053 1055
1033 1053
1052 1033
1102 288
1033 1032
1043 1040
1040 1051
1051 1043
276 1051
1051 1041
1041 276
1048 276
276 1050
1050 1048
1108 1050
1050 1049
86 1049
1049 1102
1054 1049
1050 1054
275 1047
1047 1048
1048 275
1048 289
82 1044
1044 1048
1048 82
1045 1047
1046 1045
1018 1046
3 1018
1046 1039
1039 1045
1045 82
82 1047
275 1110
1043 1044
1044 1040
1048 1043
1043 276
83 1037
1037 1042
1042 83
1041 1042
1042 277
277 1041
1054 277
277 1034
1044 1045
1045 1040
1040 83
83 1051
1024 1038
1038 1039
1039 1024
1039 1040
83 1039
1039 1037
1027 1038
1038 1026
1026 1027
1027 1031
1031 1037
1037 1027
1037 1038
1042 1034
1035 1036
1036 274
274 1035
274 1033
1033 1035
1042 1035
1035 1034
1042 1036
1054 1041
1053 288
270 1000
1000 1031
1031 270
1027 270
1002 266
266 1030
1030 1002
1012 1030
1030 271
271 1012
1020 1013
1013 1029
1029 1020
1029 81
81 1020
1026 1028
1028 1027
270 1028
1028 34
34 270
1031 274
1036 1031
1024 1026
1026 34
1023 269
269 1025
1025 1023
1025 1024
1024 1023
1026 1021
1021 34
1024 1018
1018 1023
1022 269
1023 1022
1019 1023
1018 1019
1019 1020
1020 1022
1022 1019
1026 1025
1025 1021
1019 268
268 1020
269 1020
81 269
1018 268
269 1021
1046 1024
3 268
3 1014
1014 1017
1017 3
268 1017
1017 1016
1016 268
1014 1016
1016 1015
1015 268
1014 1013
1013 1015
1015 1014
1009 1010
1010 1014
1014 1009
1008 1014
3 1008
1010 267
267 1013
1013 1010
1011 1002
1002 1012
1012 1011
1029 1012
271 1029
267 1003
1003 1011
1011 267
1009 267
1008 267
1009 1008
265 1007
1007 1008
1008 265
1008 260
260 265
1006 1005
1005 1007
1007 1006
265 1006
987 986
986 1006
1006 987
260 1006
261 262
262 1005
1005 261
1005 986
986 261
997 266
266 1004
1004 997
1005 1004
1004 263
263 1005
1007 1003
1003 1008
271 81
998 1030
266 998
998 997
1001 998
1030 1001
1001 1000
1000 1030
271 1000
270 271
273 995
995 999
995 997
997 262
262 995
80 995
995 996
996 80
996 992
992 80
80 994
994 995
988 995
262 988
80 993
993 994
999 994
994 1069
281 994
993 281
1070 993
993 963
996 988
988 261
261 996
992 79
79 80
990 984
984 991
991 990
992 991
991 79
989 980
980 990
990 989
992 990
980 984
260 989
989 986
986 260
986 996
987 260
1007 263
263 264
264 1007
985 989
260 985
260 977
977 985
980 985
985 21
21 980
980 983
983 984
992 989
964 963
963 984
984 964
981 983
980 981
981 259
259 982
982 981
982 965
965 981
259 974
974 982
980 259
965 966
966 981
977 979
979 985
979 21
977 975
975 978
978 977
979 978
975 979
32 238
238 977
977 32
892 977
260 892
906 907
907 976
976 906
976 975
975 906
900 906
975 900
975 21
258 972
972 974
974 258
974 254
254 982
254 972
972 973
973 254
973 970
970 254
933 973
973 971
971 933
258 257
257 972
938 971
971 33
33 938
972 971
970 968
968 254
970 969
969 968
969 967
967 968
970 255
255 940
940 970
962 968
967 962
940 959
959 967
967 940
966 968
962 966
965 254
254 966
966 964
964 981
259 258
962 963
964 962
964 983
962 960
960 963
940 969
78 253
253 961
961 78
961 956
959 253
253 960
960 959
960 1071
940 941
941 959
957 955
955 958
958 957
958 252
252 957
955 956
956 958
957 950
950 955
959 961
252 950
950 953
953 955
955 1072
953 251
1072 954
954 283
283 1072
954 955
316 952
952 951
951 1205
251 951
951 316
93 1205
1205 250
250 93
956 948
948 958
950 951
951 953
942 944
944 949
949 942
949 249
249 942
948 252
948 947
947 252
77 949
944 77
951 947
947 250
250 951
1226 1229
930 1226
1226 1227
1205 946
945 76
76 930
931 930
930 944
944 931
942 931
939 248
248 943
943 939
943 256
256 939
944 76
76 77
245 942
249 245
949 941
941 249
941 74
74 249
949 961
961 941
943 940
255 943
933 934
934 939
939 933
256 933
938 933
938 935
935 933
33 937
937 938
937 247
247 938
927 934
934 936
936 927
916 936
936 917
917 916
937 908
908 239
239 937
935 934
936 247
247 917
928 934
927 928
247 935
256 973
36 934
934 932
932 36
932 245
245 36
246 931
931 245
245 246
930 75
75 1228
930 929
929 75
929 918
918 75
932 246
916 928
927 916
916 246
246 928
935 936
918 919
919 926
926 918
926 75
922 924
924 925
925 922
920 925
925 926
926 920
244 75
75 924
924 244
923 924
922 923
797 96
1234 797
799 797
75 925
923 921
921 799
922 921
215 803
803 920
920 215
31 920
920 919
919 31
803 921
921 920
31 215
929 246
916 929
918 916
916 919
243 917
917 242
242 243
928 932
916 31
242 911
911 915
915 242
885 915
915 914
914 885
885 242
914 886
886 885
241 911
911 913
913 241
894 913
913 895
895 894
904 902
902 912
912 904
911 912
912 903
903 911
241 915
913 903
903 895
247 909
909 910
910 247
917 910
910 240
240 917
239 905
905 909
909 239
937 909
33 907
907 937
908 907
907 239
907 904
904 239
971 976
976 33
237 906
906 899
899 237
904 905
905 910
910 904
904 240
912 901
901 903
906 904
902 901
237 898
898 901
901 237
898 903
900 899
237 900
900 238
238 237
237 902
902 906
896 903
898 896
898 897
897 896
898 32
32 897
897 893
893 896
911 240
240 912
895 896
893 895
894 241
32 892
892 897
914 894
894 887
887 914
20 887
887 893
893 20
892 893
548 228
228 892
892 548
260 548
888 20
20 891
891 888
871 891
891 890
890 871
892 20
869 890
890 228
228 869
871 231
231 889
889 871
888 889
889 881
881 888
888 887
891 889
894 893
886 887
887 881
881 886
914 241
884 886
886 883
883 884
885 243
72 886
884 72
236 884
884 807
807 236
72 885
883 807
880 883
886 880
880 882
882 872
872 880
892 891
886 882
872 233
233 880
881 882
233 876
876 879
879 233
883 878
878 807
876 877
877 879
880 879
879 883
812 808
808 877
877 812
877 71
71 812
808 879
71 876
876 875
875 71
233 873
873 875
875 233
229 847
847 874
874 229
875 846
846 71
872 870
870 873
873 872
889 882
869 871
882 232
232 870
870 882
870 230
230 873
228 868
868 869
231 869
869 232
232 231
228 867
867 868
868 230
230 869
228 862
862 867
867 866
866 868
867 863
863 866
847 866
866 848
848 847
855 856
856 865
865 855
865 861
861 855
866 864
864 848
849 864
864 70
70 849
862 863
864 863
863 70
548 862
865 863
863 861
548 151
151 862
862 861
554 859
859 860
860 554
549 860
860 151
151 549
858 857
857 859
859 858
859 151
854 857
858 854
853 858
858 554
554 853
865 70
857 861
861 859
227 849
849 856
856 227
855 227
856 70
855 854
854 227
857 855
853 854
69 837
837 853
853 69
853 852
852 854
851 227
227 852
852 851
152 853
554 152
226 227
851 226
851 837
837 226
841 840
840 850
850 841
226 850
850 227
849 848
68 849
849 840
840 68
847 230
868 847
846 848
849 846
847 846
846 874
229 230
846 68
68 71
842 843
843 845
845 842
839 845
845 225
225 839
843 61
61 844
844 843
845 844
844 816
816 845
825 61
843 825
842 825
834 825
842 834
842 838
838 834
849 850
845 841
841 225
845 840
845 838
838 839
839 837
837 838
838 835
835 834
837 835
835 69
69 836
836 835
157 836
836 572
572 157
225 226
226 839
835 222
222 834
816 216
216 845
223 834
834 833
833 223
222 828
828 833
833 222
828 826
826 832
832 828
833 832
832 223
836 222
222 831
831 221
221 222
221 826
828 221
825 827
827 61
827 14
14 61
221 13
13 826
825 826
826 827
821 844
61 821
224 816
816 821
821 224
821 817
817 224
66 818
818 819
819 66
819 14
14 66
66 800
800 818
817 818
818 810
810 817
14 821
817 819
216 814
814 845
224 216
817 815
815 224
815 216
813 68
68 814
814 813
815 814
811 812
812 813
813 811
814 811
67 812
811 67
71 813
818 811
811 810
810 815
811 815
801 234
234 809
809 801
811 809
809 67
808 878
878 879
806 878
878 67
67 806
808 67
806 807
243 884
236 243
236 806
806 805
805 236
243 805
805 804
804 243
31 243
804 31
804 73
73 31
215 802
802 803
802 921
215 234
234 802
802 799
234 67
802 801
801 800
800 802
14 799
799 66
772 211
211 798
798 772
798 14
14 772
799 798
798 797
798 796
796 797
796 96
779 770
770 780
780 779
775 779
207 770
779 207
64 779
775 64
798 778
778 796
778 777
777 796
778 64
64 777
777 96
64 212
777 776
780 774
774 1242
770 771
774 770
772 773
773 211
773 207
207 211
764 763
763 772
772 764
1762 772
772 11
763 767
767 771
771 763
772 771
770 772
771 769
769 1245
770 773
767 768
768 769
769 767
1247 766
766 768
767 766
1248 323
205 767
763 205
1265 1264
205 765
765 204
765 1267
1267 204
1267 1766
764 205
764 765
683 580
580 701
701 683
684 701
701 700
700 684
684 683
700 60
60 684
188 189
189 699
699 188
699 580
580 188
694 189
189 698
698 694
697 698
698 187
187 697
187 169
169 697
697 694
169 696
696 697
696 694
53 624
624 695
695 53
696 695
695 690
690 696
693 700
700 694
694 693
169 695
693 60
692 693
693 690
690 692
691 684
684 692
692 691
690 691
60 692
687 691
691 688
688 687
698 188
188 586
586 698
688 690
690 689
689 688
59 689
689 19
19 59
624 690
688 59
59 687
680 686
686 687
687 680
182 687
687 58
58 182
685 684
684 686
686 685
680 685
183 683
683 685
685 183
680 183
701 189
189 700
686 691
183 672
672 683
683 13
13 580
680 679
679 183
59 58
27 679
679 678
678 27
680 182
182 679
678 660
660 27
183 27
27 674
674 183
674 672
674 669
669 672
672 13
1861 672
672 671
672 670
670 671
670 134
134 671
669 670
669 134
179 666
666 668
668 179
664 668
668 662
662 664
665 650
650 667
667 665
667 664
664 665
669 666
666 134
179 134
176 650
665 176
665 663
663 176
667 179
668 667
664 663
656 663
663 657
657 656
668 660
660 182
182 668
663 662
662 657
58 661
661 182
662 661
661 178
178 662
666 27
27 668
661 668
59 659
659 58
661 659
659 178
178 19
19 658
658 178
56 658
658 625
625 56
656 176
657 57
57 28
28 657
175 656
656 174
174 175
636 652
652 655
655 636
655 28
28 636
653 636
636 654
654 653
646 654
654 644
644 646
637 645
645 654
654 637
653 652
645 644
652 174
174 655
175 135
135 651
651 175
656 651
651 176
135 649
649 650
650 135
651 650
135 646
646 649
1883 649
649 648
646 648
1869 1868
646 647
647 648
647 643
175 646
647 644
644 643
637 638
638 645
654 175
175 653
175 652
641 640
640 642
642 641
1890 486
486 485
638 640
640 645
642 1890
486 642
639 1891
1891 638
638 639
1891 640
0 1891
1891 611
611 0
638 634
634 639
637 634
637 636
636 634
636 635
635 634
656 655
635 633
633 634
641 645
172 639
639 633
633 172
635 173
173 628
628 635
55 630
630 632
632 55
632 172
172 55
630 623
623 631
631 630
632 631
631 612
612 632
622 623
630 622
629 630
55 629
629 622
626 629
629 627
627 626
173 627
627 628
633 628
628 172
625 19
19 627
627 625
57 627
173 57
55 628
628 629
53 626
626 624
627 56
19 626
623 626
626 619
619 623
19 624
613 623
623 620
620 613
613 631
620 614
614 621
621 620
621 613
171 616
616 620
620 171
620 619
619 171
613 612
618 619
619 177
177 618
169 170
170 618
618 169
618 171
54 616
616 617
617 54
617 170
170 54
616 614
618 616
608 609
609 615
615 608
615 614
614 608
615 610
610 611
611 615
614 611
611 621
618 617
612 172
172 611
611 639
602 0
611 602
604 611
611 609
609 604
604 602
609 605
605 604
608 605
588 608
608 167
167 588
605 589
589 607
607 605
607 606
606 605
607 598
598 606
600 606
606 599
599 600
621 612
605 588
588 589
612 611
604 603
603 602
609 610
601 603
603 600
600 601
164 525
525 602
602 164
599 601
589 598
602 601
601 164
598 599
599 597
597 601
600 604
604 606
598 597
597 164
597 5
5 164
531 597
597 596
596 531
532 596
596 595
595 532
596 51
51 595
532 531
568 6
6 594
594 568
165 594
594 51
51 165
163 165
165 593
593 163
593 166
166 163
531 5
597 165
165 596
590 588
588 591
591 590
593 592
592 166
590 589
592 590
591 592
525 524
524 602
592 598
598 590
54 168
168 587
587 54
592 587
587 166
584 585
585 586
586 584
586 161
161 584
565 163
163 585
585 565
162 585
584 162
162 565
564 584
161 564
570 161
161 583
583 570
583 575
575 570
160 575
583 160
160 582
582 581
581 160
586 581
581 161
581 159
159 160
701 699
159 580
13 159
158 157
157 577
577 158
577 30
30 158
161 582
582 583
575 574
574 570
159 575
574 571
571 570
26 155
155 573
573 26
577 573
155 577
157 831
831 836
574 572
572 571
574 155
155 572
569 571
571 556
556 569
26 572
575 155
556 52
52 569
570 569
569 567
567 570
52 557
557 568
568 52
165 566
566 594
26 157
567 566
566 570
570 564
564 566
165 564
162 564
564 565
587 585
585 166
565 165
558 153
153 563
563 558
563 568
568 558
561 542
542 562
562 561
153 562
562 154
154 153
559 149
149 561
561 559
558 561
561 153
551 149
149 560
560 551
552 560
560 559
559 552
150 552
559 150
559 557
557 150
561 557
557 558
149 542
556 557
555 150
150 556
556 555
556 156
156 555
553 150
555 553
156 553
156 853
152 156
152 552
552 553
553 152
551 552
552 549
549 551
547 149
551 547
551 548
548 547
548 550
550 151
550 549
548 549
554 549
552 554
540 548
260 540
546 545
545 547
547 546
540 547
545 149
546 540
540 545
151 861
544 545
540 544
544 149
543 544
544 541
541 543
149 543
543 542
148 543
541 148
7 562
542 7
148 542
540 148
541 540
519 540
540 0
0 519
538 535
535 539
539 538
521 539
539 520
520 521
535 148
148 539
4 538
538 527
527 4
530 536
536 537
537 530
145 537
537 526
526 145
5 4
4 536
536 5
526 536
536 147
147 526
7 148
535 7
535 4
4 7
6 153
153 533
533 6
594 595
532 6
6 531
592 597
6 5
530 5
164 530
530 145
145 164
521 522
522 528
528 521
528 527
527 521
522 523
523 528
145 525
524 0
524 50
50 523
523 524
525 50
527 144
144 147
147 527
522 524
518 522
521 518
520 518
519 518
520 519
540 520
539 540
527 523
523 144
0 518
527 539
0 522
1923 25
25 1922
495 517
515 495
2009 516
1931 1930
1930 2008
143 511
1932 1930
514 138
138 512
516 513
513 514
2015 512
512 2014
1662 1
1 2
436 1954
1954 1956
503 1949
506 1974
1948 503
503 504
504 1948
139 1946
1946 503
139 502
502 1946
1831 1835
1835 1833
1912 1909
1943 498
498 25
25 1924
1944 498
516 48
48 513
1932 515
515 1930
1922 494
494 1918
1917 1918
25 494
1915 1916
498 491
1906 1905
490 1904
1920 1901
1 143
1885 1895
1882 1885
644 641
471 1907
1869 1865
1872 478
478 481
1864 133
481 480
136 481
27 669
672 478
478 13
476 478
1873 477
472 1908
1904 1879
1870 481
472 1838
11 470
470 23
470 12
23 1806
1816 1815
23 452
1816 450
450 1815
1712 441
1823 468
443 433
121 442
442 1691
23 131
1691 1693
121 1691
1676 429
1693 121
1668 44
428 1668
1675 1674
1665 1668
424 1664
424 1663
1662 1642
1662 120
1561 1556
117 1595
1597 1596
119 1624
1624 419
1597 1615
1602 1603
1607 1602
339 1607
1585 1586
99 1327
1589 412
1573 1574
42 411
1579 99
409 407
1464 409
408 407
407 1464
1568 1570
1550 401
1539 380
1557 1558
45 118
403 1626
399 1543
1541 400
1542 1541
395 388
388 1521
1503 389
389 396
112 1520
390 109
394 392
392 391
394 393
393 392
1515 393
1517 1515
387 109
390 387
1507 390
390 1509
387 389
389 109
387 396
389 1519
1502 388
111 1516
388 387
1511 388
1481 1479
1142 1390
1111 1116
1116 1133
1577 99
1459 1461
1461 378
381 16
405 400
41 372
1430 1477
1367 10
1442 376
10 1369
357 355
1441 373
373 366
107 373
373 1435
41 107
369 1426
370 1427
1418 1422
1426 1423
107 367
366 107
355 365
364 1377
364 360
1383 300
1149 1147
301 1149
1387 300
1151 1380
353 1366
1172 306
307 1172
309 1178
1282 1310
8 9
341 1310
337 1295
765 1766
334 128
128 331
1275 38
1274 1275
37 331
331 332
204 331
331 1266
330 37
1180 329
1252 1255
331 330
319 1239
1244 323
317 1207
95 320
1202 1204
1083 314
1162 90
312 91
1168 307
307 1167
1168 308
308 307
1172 1171
1158 90
302 303
1125 1124
1124 1093
295 1130
297 1128
1138 298
1129 88
286 1129
1128 296
296 1127
295 296
1122 1104
289 1107
290 289
290 1113
1113 1112
1111 292
292 1116
1115 1111
87 1107
276 1054
289 1050
1073 283
280 994
994 1070
283 282
79 993
281 1070
1067 1068
1042 1051
88 1116
274 1000
1000 1063
1021 271
271 34
1013 1011
1011 1029
81 1021
1020 1015
1003 264
264 266
266 1003
1003 1002
264 1004
1004 262
989 996
257 259
259 21
21 257
962 959
257 976
976 972
963 991
257 975
973 255
248 74
74 943
940 74
256 255
951 252
947 77
77 250
949 948
956 949
248 249
245 248
248 36
36 939
948 77
931 929
800 799
72 243
242 240
237 32
806 235
235 73
73 806
235 31
235 234
234 31
818 809
235 67
229 875
875 230
230 232
231 882
892 890
226 841
825 223
223 826
817 14
814 840
158 13
221 158
800 809
73 805
921 925
207 64
778 207
211 778
694 690
581 188
580 581
168 169
187 168
586 187
182 678
671 180
180 667
59 178
662 57
622 626
177 169
180 134
134 667
636 173
636 57
591 167
167 54
54 591
48 2014
53 619
168 170
608 616
616 167
177 695
168 585
592 54
566 52
568 566
145 50
165 592
187 585
159 155
30 159
13 30
573 157
831 158
52 567
156 69
155 30
562 146
146 154
6 563
853 851
7 146
146 533
533 154
4 147
526 144
144 145
7 533
144 50
1999 1995
44 1665
1874 481
57 56
656 28
470 131
470 469
1595 412
1109 290
946 93
93 945
93 76
250 76
1278 1273
1049 1107
1042 1031
3 260
79 963
977 900
917 31
874 875
156 836
571 156
13 827
624 689
178 57
658 57
53 177
836 571
6 595
39 1448
1271 334
2 3
9 1347
13 14
17 18
